15268.9 -19.7599 77.2262
15468.9 -105.706 58.3469
15668.9 -111.406 154.131
15868.9 -36.0485 129.489
16068.9 -61.465 58.7734
16268.9 -140.778 41.9692
16468.9 -222.751 73.8878
16668.9 -243.868 196.377
16868.9 59.3701 959.525
17068.9 363.751 1932.85
17268.9 668.132 2906.17
17468.9 972.514 3879.49
17668.9 1276.89 4852.81
17868.9 1581.28 5826.13
18068.9 1885.66 6799.45
18268.9 2190.04 7772.77
18468.9 2494.42 8746.09
18668.9 2798.8 9719.41
18868.9 3103.18 10692.7
19068.9 3407.56 11666
19268.9 3711.94 12639.4
19468.9 4016.33 13612.7
19668.9 4320.71 14586
19868.9 4625.09 15559.3
19937.9 4730.17 15895.3
Fiducial Radius: 56.332
