15118.9 41.8968 19.445 25.9653 -9.89591 120.084 123.257
15168.9 51.6485 13.3306 20.2593 -19.0632 120.074 123.254
15218.9 58.3468 4.02597 11.5508 -24.9704 120.141 123.251
15268.9 61.1049 -6.83735 1.70645 -26.4853 120.2 123.096
15318.9 59.9192 -17.4254 -7.0967 -23.9049 120.543 123.096
15368.9 55.555 -26.3137 -13.5564 -18.7425 120.903 123.096
15418.9 49.034 -32.8179 -17.6773 -12.7062 121.155 123.096
15468.9 41.1955 -36.8132 -20.0957 -6.69306 121.26 123.096
15518.9 32.636 -38.3533 -21.2061 -0.775704 121.253 123.096
15568.9 23.9078 -37.4409 -20.8336 5.21199 121.208 123.096
15618.9 15.7156 -34.0685 -18.5304 11.0673 121.188 123.096
15668.9 8.90038 -28.4251 -14.202 16.0771 121.212 123.096
15718.9 4.1932 -21.0313 -8.47653 19.4633 121.251 123.096
15768.9 1.95296 -12.6377 -2.4229 20.9442 121.276 123.096
15818.9 2.11631 -3.98332 3.07812 20.8145 121.284 123.096
15868.9 4.36713 4.37239 7.69381 19.5739 121.286 123.096
15918.9 8.3514 12.0513 11.5232 17.5684 121.289 123.096
15968.9 13.7876 18.7685 14.7638 14.9149 121.293 123.096
16018.9 20.4483 24.2634 17.4501 11.6508 121.294 123.096
16068.9 28.0738 28.3118 19.4045 7.94229 121.297 123.096
16118.9 36.3141 30.8013 20.4106 4.16594 121.32 123.096
16168.9 44.761 31.8014 20.4394 0.788788 121.384 123.096
16218.9 53.0499 31.5493 19.7307 -1.89045 121.489 123.096
16268.9 60.9523 30.337 18.6605 -3.91653 121.61 123.096
16318.9 68.3882 28.3739 17.533 -5.61744 121.711 123.096
16368.9 75.3684 25.7096 16.469 -7.40397 121.764 123.096
16418.9 81.9166 22.2323 15.4128 -9.62938 121.747 123.096
16468.9 88.0042 17.7032 14.1666 -12.549 121.632 123.096
16518.9 93.4934 11.7978 12.3901 -16.2939 121.382 123.096
16568.9 98.0715 4.17085 9.5827 -20.7673 120.952 123.096
16618.9 101.19 -5.41179 5.15898 -25.4311 120.329 123.096
16668.9 102.072 -16.8427 -1.25009 -29.1312 119.592 123.096
16718.9 99.9019 -29.4243 -9.28277 -30.3489 118.934 123.096
16768.9 94.2139 -41.8489 -17.6326 -28.0371 118.556 123.096
16818.9 85.2228 -52.5858 -24.6504 -22.3892 118.506 123.096
16868.9 73.7523 -60.4476 -29.337 -14.6819 118.644 123.096
16918.9 60.8268 -64.8758 -31.6884 -6.32387 118.779 123.096
16968.9 47.338 -65.7318 -28.3629 2.11267 105.008 108.791
17018.9 34.1402 -62.7633 -25.2531 9.77734 99.3803 103.004
17068.9 22.3169 -56.0071 -21.3365 16.9055 99.3414 103.004
17118.9 13.0551 -45.9833 -15.1142 22.6195 99.3463 103.004
17168.9 7.38145 -33.6094 -7.25555 26.1464 99.3654 103.004
17218.9 5.81586 -20.089 0.979524 27.1906 99.3452 103.004
17268.9 8.21779 -6.5836 8.30769 26.1116 98.9926 102.715
17318.9 13.9287 6.0947 13.9924 23.9545 98.8977 102.715
17368.9 22.0693 17.5903 17.9241 21.5123 98.8246 102.715
17418.9 31.8229 27.9054 20.422 19.3218 98.7926 102.715
17468.9 42.5728 37.2223 21.9292 17.5699 98.7966 102.715
17518.9 53.9161 45.7587 22.826 16.2307 98.8225 102.715
17568.9 65.6117 53.6996 23.3716 15.2078 98.8577 102.715
17618.9 77.5266 61.1772 23.7309 14.3924 98.8942 102.715
17668.9 89.5935 68.2726 24.0024 13.6936 98.9279 102.715
17718.9 101.784 75.027 24.2442 13.0411 98.9571 102.715
17768.9 114.094 81.4499 24.4921 12.38 98.981 102.715
17818.9 126.534 87.5254 24.7695 11.6641 98.9989 102.715
17868.9 139.123 93.2157 25.0939 10.8506 99.0097 102.715
17918.9 151.889 98.4608 25.4794 9.89477 99.0114 102.715
17968.9 164.87 103.177 25.9389 8.74746 99.0001 102.715
18018.9 178.106 107.255 26.4842 7.3489 98.9694 102.715
18068.9 191.647 110.547 27.1269 5.61834 98.9087 102.715
18118.9 205.552 112.862 27.8741 3.45629 98.8 102.715
18168.9 219.882 113.95 28.7262 0.733416 98.6135 102.715
18218.9 234.705 113.48 29.6712 -2.72127 98.2984 102.715
18268.9 250.089 111.014 30.6721 -7.12948 97.7689 102.715
18318.9 266.096 105.959 31.6545 -12.7873 96.8754 102.715
18368.9 282.779 97.4879 32.4819 -20.0875 95.3508 102.715
18418.9 300.172 84.4115 32.932 -29.545 92.6981 102.715
18468.9 318.339 64.7956 32.7088 -41.8325 87.9234 102.715
18518.9 337.555 35.4253 31.7767 -57.155 79.208 102.715
18568.9 359.699 -10.7453 32.4111 -73.9443 63.4989 102.715
18618.9 392.501 -83.0261 39.9567 -81.6427 47.8362 102.715
18668.9 443.185 -176.519 47.7132 -81.2589 40.8755 102.715
18718.9 505.476 -278.469 49.7407 -80.6068 39.2643 102.534
18768.9 568.817 -381.116 49.7389 -80.6038 39.2629 102.53
18818.9 632.158 -483.762 49.737 -80.6007 39.2614 102.527
18868.9 695.499 -586.408 49.4251 -80.0953 39.0152 101.884
18918.9 758.84 -689.055 49.4232 -80.0922 39.0137 101.88
18968.9 822.181 -791.701 49.4213 -80.0891 39.0122 101.876
19018.9 885.522 -894.347 49.4194 -80.0861 39.0107 101.872
19068.9 948.863 -996.994 49.1977 -79.7267 38.8356 101.415
19118.9 1012.2 -1099.64 49.1958 -79.7236 38.8341 101.411
19168.9 1075.54 -1202.29 49.1939 -79.7205 38.8326 101.407
19218.9 1138.89 -1304.93 49.192 -79.7175 38.8311 101.403
19268.9 1202.23 -1407.58 49.1901 -79.7144 38.8296 101.399
19318.9 1265.57 -1510.23 48.7632 -79.0226 38.4927 100.519
19368.9 1328.91 -1612.87 48.7613 -79.0195 38.4911 100.515
19418.9 1392.25 -1715.52 48.7593 -79.0164 38.4896 100.511
19468.9 1455.59 -1818.16 48.7574 -79.0132 38.4881 100.507
19518.9 1518.93 -1920.81 48.7555 -79.0101 38.4866 100.503
19568.9 1582.27 -2023.46 48.7535 -79.007 38.485 100.499
19618.9 1645.61 -2126.1 48.3946 -78.4253 38.2017 99.7593
19668.9 1708.95 -2228.75 48.3926 -78.4221 38.2001 99.7553
19718.9 1772.29 -2331.4 48.3907 -78.4189 38.1986 99.7513
19768.9 1835.64 -2434.04 48.3887 -78.4158 38.1971 99.7473
19818.9 1898.98 -2536.69 48.3868 -78.4126 38.1955 99.7432
19868.9 1962.32 -2639.34 48.3848 -78.4094 38.194 99.7392
19918.9 2025.66 -2741.98 48.3829 -78.4063 38.1924 99.7352
19937.9 2049.78 -2781.08 48.2213 -78.1445 38.0649 99.4022
