15268.9 -98.3564 -16.1162
15468.9 -142.825 0.258554
15668.9 -149.448 46.5869
15868.9 -113.523 60.5416
16068.9 -93.3395 31.8785
16268.9 -99.8153 -6.7528
16468.9 -130.026 -44.3052
16668.9 -177.016 -45.7357
16868.9 -194.806 17.2462
17068.9 -152.497 56.6051
17268.9 -98.7427 32.6867
17468.9 -99.7731 -48.0717
17668.9 -136.593 -142.578
17868.9 -187.28 -236.616
18068.9 -249.709 -323.949
18268.9 -328.808 -397.897
18468.9 -419.424 -461.798
18668.9 -510.051 -525.663
18868.9 -600.678 -589.529
19068.9 -691.305 -653.394
19268.9 -781.933 -717.26
19468.9 -872.56 -781.125
19668.9 -963.187 -844.99
19868.9 -1053.81 -908.856
19937.9 -1085.1 -930.904
